25 45 92 ;
26 80 91 ;
67 66 33 ;
32 11 49 ;
37 55 90 ;
9 91 86 ;
60 89 37 ;
87 58 35 ;
5 13 94 ;
47 27 35 ;
49 22 73 ;
9 84 12 ;
8 57 56 ;
2 98 5 ;
36 23 43 ;
93 11 52 ;
92 53 54 ;
23 31 4 ;
41 93 69 ;
49 86 87 ;
55 64 11 ;
56 92 29 ;
13 9 71 ;
12 97 14 ;
87 38 65 ;
44 22 93 ;
48 57 44 ;
90 65 90 ;
78 50 74 ;
5 25 27 ;
96 27 9 ;
88 15 55 ;
81 21 63 ;
26 87 94 ;
32 42 12 ;
21 67 25 ;
64 6 1 ;
23 99 9 ;
77 85 50 ;
56 15 100 ;
78 72 97 ;
62 89 85 ;
17 42 5 ;
52 64 88 ;
59 77 86 ;
37 89 68 ;
52 37 90 ;
75 54 44 ;
66 30 89 ;
1 35 57 ;
79 64 33 ;
6 55 70 ;
4 16 45 ;
93 87 50 ;
36 71 48 ;
17 20 27 ;
28 13 87 ;
99 3 49 ;
4 89 39 ;
51 63 26 ;
62 7 52 ;
33 13 3 ;
91 45 76 ;
77 40 54 ;
96 66 99 ;
62 27 57 ;
97 97 51 ;
69 75 92 ;
90 3 8 ;
82 94 59 ;
26 45 71 ;
87 66 41 ;
57 7 79 ;
42 30 85 ;
68 90 47 ;
98 15 66 ;
62 70 95 ;
98 24 43 ;
46 87 23 ;
26 25 26 ;
61 47 91 ;
68 18 52 ;
89 53 82 ;
24 87 40 ;
48 16 67 ;
36 62 90 ;
8 93 64 ;
35 38 30 ;
11 99 8 ;
79 21 28 ;
71 26 89 ;
20 80 82 ;
16 42 49 ;
1 88 55 ;
86 35 61 ;
89 52 44 ;
79 41 13 ;
25 66 79 ;
44 43 82 ;
35 74 37 ;
